113;
106;
101;
108;
125;
118;
105;
137;
105;
113;
116;
115;
121;
109;
128;
101;
102;
113;
141;
100;
140;
101;
125;
120;
130;
107;
101;
132;
148;
113;
127;
101;
103;
101;
141;
146;
113;
101;
125;
126;
148;
136;
123;
145;
110;
127;
100;
119;
138;
105;
144;
123;
112;
124;
110;
133;
145;
142;
147;
145;
106;
138;
127;
108;
132;
120;
100;
111;
136;
132;
103;
144;
131;
138;
123;
117;
104;
111;
139;
117;
132;
116;
146;
110;
122;
105;
130;
117;
133;
124;
135;
129;
127;
130;
102;
114;
132;
118;
122;
135;
102;
128;
125;
139;
128;
108;
120;
110;
142;
143;
105;
102;
127;
134;
105;
146;
132;
133;
104;
104;
130;
110;
148;
143;
143;
142;
104;
129;
122;
131;
109;
112;
132;
140;
109;
130;
108;
109;
122;
113;
106;
101;
108;
125;
118;
105;
137;
105;
113;
116;
115;
121;
109;
128;
101;
102;
113;
141;
100;
140;
101;
125;
120;
130;
107;
101;
132;
148;
113;
127;
101;
103;
101;
141;
146;
113;
101;
125;
126;
148;
136;
123;
145;
110;
127;
100;
119;
138;
105;
144;
123;
112;
124;
110;
133;
145;
142;
147;
145;
106;
138;
127;
108;
132;
120;
100;
111;
136;
132;
103;
144;
131;
138;
123;
117;
104;
111;
139;
117;
132;
116;
146;
110;
122;
105;
130;
117;
133;
124;
135;
129;
127;
130;
102;
114;
132;
118;
122;
135;
102;
128;
125;
139;
128;
108;
120;
110;
142;
143;
105;
102;
127;
134;
105;
146;
132;
133;
104;
104;
130;
110;
148;
143;
143;
142;
104;
129;
122;
131;
109;
112;
132;
140;
109;
130;
108;
109;
122;
